%Number_of_operations  clmin  MClmax Cl_Average_Concentration_min Cl_TE_max  Cl_Vcn_max CTHMsmax   MTHMsmax  THMs_Average_Concentration_max  THMs_TE_max  THMs_Vcn_max 
0 0.0323525 7053.98 0.0367134 1440 1 40.1441 645749 39.9479 1440 1
3 0.0536348 6180.25 0.0569386 1440 1 39.1864 606431 39.0378 1440 1
3 0.0523007 6134.6 0.0579955 1440 1 39.2465 604377 38.9902 1440 1
4 0.080857 4928.19 0.0859215 1440 1 37.9614 550088 37.7335 1440 1
4 0.0783006 5037.31 0.0833956 1440 1 38.0765 554999 37.8472 1440 1
3 0.0711928 5361.63 0.075888 1440 1 38.3963 569594 38.185 1440 1
2 0.0658401 5579.26 0.0708505 1440 1 38.6372 579387 38.4117 1440 1
7 0.139597 2432.66 0.143688 1440 1 35.3181 437789 35.134 1440 1
3 0.112213 3648.01 0.115555 1440 1 36.5504 492481 36.4 1440 1
6 0.0570417 5996.8 0.0611853 1440 1 39.0331 598176 38.8467 1440 1
3 0.0662511 5561.53 0.071261 1440 1 38.6187 578589 38.3933 1440 1
5 0.0518238 6265.84 0.0549573 1440 1 39.2679 610283 39.1269 1440 1
6 0.131225 2835.04 0.134374 1440 1 35.6949 455897 35.5531 1440 1
4 0.0645879 5698.87 0.0680816 1440 1 38.6935 584770 38.5363 1440 1
6 0.131914 2714.96 0.137154 1440 1 35.6639 450493 35.4281 1440 1
1 0.0435633 6558.15 0.0481911 1440 1 39.6396 623436 39.4314 1440 1
2 0.0882462 4601.07 0.0934937 1440 1 37.6289 535368 37.3928 1440 1
4 0.0561727 6017.67 0.0607021 1440 1 39.0722 599115 38.8684 1440 1
7 0.0895107 4651.26 0.0923319 1440 1 37.572 537627 37.4451 1440 1
5 0.119702 3327.62 0.122972 1440 1 36.2134 478063 36.0663 1440 1
6 0.0915043 4412.14 0.0978671 1440 1 37.4823 526866 37.196 1440 1
3 0.0556218 6052.9 0.0598866 1440 1 39.097 600700 38.9051 1440 1
6 0.0767691 5177.24 0.0801565 1440 1 38.1454 561296 37.993 1440 1
3 0.079019 4983.16 0.084649 1440 1 38.0441 552562 37.7908 1440 1
3 0.118612 3272.41 0.12425 1440 1 36.2625 475578 36.0088 1440 1
3 0.0386176 6803.93 0.0425016 1440 1 39.8622 634497 39.6874 1440 1
2 0.0760328 5116.29 0.0815673 1440 1 38.1785 558553 37.9295 1440 1
5 0.116841 3367.6 0.122046 1440 1 36.3421 479862 36.1079 1440 1
3 0.0424239 6663.71 0.0457473 1440 1 39.6909 628187 39.5414 1440 1
1 0.0435633 6558.15 0.0481911 1440 1 39.6396 623436 39.4314 1440 1
7 0.073907 5303.5 0.0772337 1440 1 38.2742 566978 38.1245 1440 1
8 0.012732 7695.59 0.0218613 1440 1 41.0271 674622 40.6162 1440 1
5 0.0997179 4058.58 0.106051 1440 1 37.1127 510956 36.8277 1440 1
1 0.0435633 6558.15 0.0481911 1440 1 39.6396 623436 39.4314 1440 1
4 0.107669 3714.82 0.114009 1440 1 36.7549 495487 36.4696 1440 1
5 0.0616173 5859.93 0.0643535 1440 1 38.8272 592017 38.7041 1440 1
3 0.0419899 6699.34 0.0449227 1440 1 39.7105 629790 39.5785 1440 1
5 0.0857987 4683.72 0.0915807 1440 1 37.7391 539087 37.4789 1440 1
1 0.0389359 6806.7 0.0424374 1440 1 39.8479 634622 39.6903 1440 1
8 0.0983687 4290.14 0.100691 1440 1 37.1734 521376 37.0689 1440 1
3 0.0544895 6132 0.0580555 1440 1 39.148 604260 38.9875 1440 1
4 0.119381 3226.77 0.125306 1440 1 36.2279 473525 35.9612 1440 1
5 0.100035 4077.3 0.105618 1440 1 37.0984 511799 36.8472 1440 1
4 0.0606395 5875.31 0.0639976 1440 1 38.8712 592708 38.7201 1440 1
2 0.0719458 5291.64 0.0775084 1440 1 38.3624 566443 38.1121 1440 1
3 0.0674309 5645.37 0.0693202 1440 1 38.5656 582361 38.4806 1440 1
4 0.012732 7695.59 0.0218613 1440 1 41.0271 674622 40.6162 1440 1
5 0.0690276 5527.26 0.0720542 1440 1 38.4938 577047 38.3576 1440 1
4 0.0382662 6848.58 0.0414681 1440 1 39.878 636506 39.7339 1440 1
7 0.106261 3782.26 0.112448 1440 1 36.8183 498522 36.5399 1440 1
4 0.110034 3659.6 0.115287 1440 1 36.6485 493002 36.4121 1440 1
6 0.0720035 5289.49 0.0775582 1440 1 38.3598 566347 38.1099 1440 1
3 0.0491441 6301.61 0.0541293 1440 1 39.3885 611892 39.1642 1440 1
2 0.0906007 4537.79 0.0949587 1440 1 37.523 532520 37.3269 1440 1
3 0.0868503 4711.22 0.0909439 1440 1 37.6917 540325 37.5075 1440 1
5 0.0453164 6558.37 0.0481859 1440 1 39.5608 623446 39.4316 1440 1
3 0.059666 5942.09 0.0624516 1440 1 38.915 595714 38.7897 1440 1
3 0.0479049 6408.64 0.0516517 1440 1 39.4443 616709 39.2757 1440 1
7 0.127647 2987.32 0.130849 1440 1 35.8559 462749 35.7118 1440 1
7 0.0785548 5093.74 0.0820892 1440 1 38.065 557539 37.906 1440 1
4 0.0678448 5526.27 0.072077 1440 1 38.547 577002 38.3565 1440 1
5 0.012732 7695.59 0.0218613 1440 1 41.0271 674622 40.6162 1440 1
4 0.0740795 5160.46 0.0805449 1440 1 38.2664 560541 37.9755 1440 1
4 0.0553719 6109.53 0.0585757 1440 1 39.1083 603249 38.9641 1440 1
3 0.0736721 5248.22 0.0785135 1440 1 38.2848 564490 38.0669 1440 1
5 0.0986381 4307.26 0.100295 1440 1 37.1613 522146 37.0867 1440 1
5 0.109863 3692.34 0.114529 1440 1 36.6562 494475 36.4462 1440 1
1 0.0372167 6847.56 0.0414916 1440 1 39.9252 636460 39.7329 1440 1
4 0.0577027 5984.06 0.0614801 1440 1 39.0034 597603 38.8334 1440 1
5 0.0711226 5442.1 0.0740255 1440 1 38.3995 573214 38.2689 1440 1
1 0.0447553 6516.71 0.0491502 1440 1 39.586 621572 39.3882 1440 1
6 0.012732 7695.59 0.0218613 1440 1 41.0271 674622 40.6162 1440 1
4 0.0803795 4991.5 0.084456 1440 1 37.9829 552937 37.7995 1440 1
2 0.0523781 6182.26 0.0568921 1440 1 39.243 606522 39.0399 1440 1
5 0.114135 3496.63 0.11906 1440 1 36.4639 485668 36.2423 1440 1
4 0.0626819 5710.39 0.0678151 1440 1 38.7793 585287 38.5483 1440 1
6 0.121847 3119.16 0.127797 1440 1 36.1169 468682 35.8491 1440 1
8 0.0778687 5151.98 0.0807411 1440 1 38.0959 560159 37.9667 1440 1
4 0.0396653 6770.84 0.0432678 1440 1 39.8151 633007 39.653 1440 1
3 0.0368495 6892.87 0.0404429 1440 1 39.9418 638499 39.7801 1440 1
4 0.107833 3895.86 0.109818 1440 1 36.7475 503633 36.6582 1440 1
5 0.0595859 5954.09 0.0621738 1440 1 38.9186 596254 38.8022 1440 1
7 0.126568 3004.28 0.130457 1440 1 35.9044 463513 35.7295 1440 1
7 0.118262 3276.09 0.124165 1440 1 36.2782 475744 36.0126 1440 1
7 0.129481 2896.56 0.13295 1440 1 35.7733 458665 35.6173 1440 1
2 0.0439054 6562.95 0.0480799 1440 1 39.6243 623653 39.4364 1440 1
3 0.06893 5465.68 0.0734797 1440 1 38.4981 574276 38.2934 1440 1
3 0.0680182 5418.75 0.074566 1440 1 38.5392 572164 38.2445 1440 1
2 0.0535809 6096.96 0.0588667 1440 1 39.1889 602683 38.951 1440 1
7 0.012732 7695.59 0.0218613 1440 1 41.0271 674622 40.6162 1440 1
6 0.107375 3748.99 0.113218 1440 1 36.7681 497025 36.5052 1440 1
5 0.0785197 5052.01 0.0830554 1440 1 38.0666 555660 37.8625 1440 1
2 0.0440214 6586.54 0.0475337 1440 1 39.619 624714 39.461 1440 1
3 0.0387656 6804.51 0.0424882 1440 1 39.8555 634523 39.688 1440 1
4 0.0894307 4614.3 0.0931876 1440 1 37.5756 535963 37.4066 1440 1
4 0.0697584 5424.39 0.0744355 1440 1 38.4609 572417 38.2504 1440 1
3 0.0594078 5978.69 0.0616044 1440 1 38.9266 597361 38.8278 1440 1
7 0.107493 3834.95 0.111228 1440 1 36.7628 500893 36.5947 1440 1
2 0.0488082 6281.2 0.0546018 1440 1 39.4036 610974 39.1429 1440 1
3 0.0995542 4161.67 0.103665 1440 1 37.1201 515595 36.9351 1440 1
